

Part A):


Before diagonalization:
   0.19821	 0.0664948	  0.525165	  0.148435	  0.628456	
 0.0664948	  0.543122	  0.961941	 0.0862401	   0.52345	
  0.525165	  0.961941	  0.693028	  0.136113	  0.658257	
  0.148435	 0.0862401	  0.136113	  0.364744	  0.960572	
  0.628456	   0.52345	  0.658257	  0.960572	  0.968669	

Eigenvectors V:     
  0.511694	         0	         0	         0	  0.297144	
  0.482025	         0	  0.450355	  0.523777	  0.406875	
         0	  0.570262	         0	  0.489471	  0.508294	
  0.391993	  0.554986	  0.362555	         0	  0.323877	
         0	         0	 0.0355066	         0	  0.618789	

Check V^T  * V = 1:    
         1	         0	         0	         0	         0	
         0	         1	         0	         0	         0	
         0	         0	         1	         0	         0	
         0	         0	         0	         1	         0	
         0	         0	         0	         0	         1	

Eigenvalues D:      
         0	         0	         0	         0	         0	
         0	         0	         0	         0	         0	
         0	         0	  0.176158	         0	         0	
         0	         0	         0	  0.919938	3.02377e-09	
         0	         0	         0	3.02377e-09	   2.65812	

Check V^T * A * V = D: 
         0	         0	         0	         0	         0	
         0	         0	         0	         0	         0	
         0	         0	  0.176158	         0	         0	
         0	         0	         0	  0.919938	3.02377e-09	
         0	         0	         0	3.02377e-09	   2.65812	

Symmetric matrix A:           
   0.19821	 0.0664948	  0.525165	  0.148435	  0.628456	
 0.0664948	  0.543122	  0.961941	 0.0862401	   0.52345	
  0.525165	  0.961941	  0.693028	  0.136113	  0.658257	
  0.148435	 0.0862401	  0.136113	  0.364744	  0.960572	
  0.628456	   0.52345	  0.658257	  0.960572	  0.968669	

Check V * D * V^T = A: 
   0.19821	 0.0664948	  0.525165	  0.148435	  0.628456	
 0.0664948	  0.543122	  0.961941	 0.0862401	   0.52345	
  0.525165	  0.961941	  0.693028	  0.136113	  0.658257	
  0.148435	 0.0862401	  0.136113	  0.364744	  0.960572	
  0.628456	   0.52345	  0.658257	  0.960572	  0.968669	


Part B):

Dividing into 50 divisions
Hamiltonian

Eigen-energies:
#	Calculated	Exact
0	9.8665	9.8696
1	39.429	39.478
2	88.574	88.826
3	157.12	157.91
4	244.8	246.74
5	351.28	355.31
6	476.16	483.61
7	618.97	631.65
8	779.17	799.44
9	956.14	986.96
10	1149.2	1194.2
11	1357.7	1421.2
12	1580.7	1668
13	1817.5	1934.4
14	2067.1	2220.7
15	2328.6	2526.6
