

Part A):


Before diagonalization:
  0.763118	  0.902394	  0.233414	 0.0858171	  0.546066	
  0.902394	   0.61163	   0.67797	 0.0960507	  0.564881	
  0.233414	   0.67797	  0.863846	  0.255969	  0.176012	
 0.0858171	 0.0960507	  0.255969	   0.20051	  0.497721	
  0.546066	  0.564881	  0.176012	  0.497721	  0.649088	

Eigenvectors V:     
  0.377748	  0.501077	  0.456795	         0	  0.526187	
         0	         0	  0.285244	 0.0641677	  0.568127	
  0.350361	         0	         0	  0.832354	  0.410897	
         0	  0.634451	         0	         0	  0.192206	
   0.30395	         0	         0	         0	  0.441112	

Check V^T  * V = 1:    
         1	         0	         0	         0	         0	
         0	         1	         0	         0	         0	
         0	         0	         1	         0	         0	
         0	         0	         0	         1	         0	
         0	         0	         0	         0	         1	

Eigenvalues D:      
         0	         0	         0	         0	         0	
         0	         0	         0	         0	         0	
         0	         0	  0.531158	         0	         0	
         0	         0	         0	  0.715661	         0	
         0	         0	         0	         0	   2.40883	

Check V^T * A * V = D: 
         0	         0	         0	         0	         0	
         0	         0	         0	         0	         0	
         0	         0	  0.531158	         0	         0	
         0	         0	         0	  0.715661	         0	
         0	         0	         0	         0	   2.40883	

Symmetric matrix A:           
  0.763118	  0.902394	  0.233414	 0.0858171	  0.546066	
  0.902394	   0.61163	   0.67797	 0.0960507	  0.564881	
  0.233414	   0.67797	  0.863846	  0.255969	  0.176012	
 0.0858171	 0.0960507	  0.255969	   0.20051	  0.497721	
  0.546066	  0.564881	  0.176012	  0.497721	  0.649088	

Check V * D * V^T = A: 
  0.763118	  0.902394	  0.233414	 0.0858171	  0.546066	
  0.902394	   0.61163	   0.67797	 0.0960507	  0.564881	
  0.233414	   0.67797	  0.863846	  0.255969	  0.176012	
 0.0858171	 0.0960507	  0.255969	   0.20051	  0.497721	
  0.546066	  0.564881	  0.176012	  0.497721	  0.649088	


Part B):

Dividing into 50 divisions
Hamiltonian

Eigen-energies:
#	Calculated	Exact
0	9.8665	9.8696
1	39.429	39.478
2	88.574	88.826
3	157.12	157.91
4	244.8	246.74
5	351.28	355.31
6	476.16	483.61
7	618.97	631.65
8	779.17	799.44
9	956.14	986.96
10	1149.2	1194.2
11	1357.7	1421.2
12	1580.7	1668
13	1817.5	1934.4
14	2067.1	2220.7
15	2328.6	2526.6
