

Part A):


Before diagonalization:
  0.603166	  0.900175	  0.246894	  0.620279	   0.77527	
  0.900175	  0.729205	  0.661555	  0.960943	  0.673776	
  0.246894	  0.661555	  0.956663	  0.898029	  0.719328	
  0.620279	  0.960943	  0.898029	  0.466348	   0.80285	
   0.77527	  0.673776	  0.719328	   0.80285	  0.327215	

Eigenvectors V:     
  0.420017	         0	         0	         0	  0.398789	
         0	         0	  0.699835	         0	  0.494071	
 0.0812883	         0	         0	  0.747121	  0.445133	
  0.534172	   0.66927	  0.174138	  0.109743	  0.473677	
         0	  0.341209	         0	         0	  0.417551	

Check V^T  * V = 1:    
         1	         0	         0	         0	         0	
         0	         1	         0	         0	         0	
         0	         0	         1	         0	         0	
         0	         0	         0	         1	         0	
         0	         0	         0	         0	         1	

Eigenvalues D:      
         0	         0	         0	         0	2.90896e-10	
         0	         0	         0	         0	         0	
         0	         0	         0	         0	         0	
         0	         0	         0	  0.621378	         0	
2.90896e-10	         0	         0	         0	   3.54251	

Check V^T * A * V = D: 
         0	         0	         0	         0	2.90896e-10	
         0	         0	         0	         0	         0	
         0	         0	         0	         0	         0	
         0	         0	         0	  0.621378	         0	
2.90896e-10	         0	         0	         0	   3.54251	

Symmetric matrix A:           
  0.603166	  0.900175	  0.246894	  0.620279	   0.77527	
  0.900175	  0.729205	  0.661555	  0.960943	  0.673776	
  0.246894	  0.661555	  0.956663	  0.898029	  0.719328	
  0.620279	  0.960943	  0.898029	  0.466348	   0.80285	
   0.77527	  0.673776	  0.719328	   0.80285	  0.327215	

Check V * D * V^T = A: 
  0.603166	  0.900175	  0.246894	  0.620279	   0.77527	
  0.900175	  0.729205	  0.661555	  0.960943	  0.673776	
  0.246894	  0.661555	  0.956663	  0.898029	  0.719328	
  0.620279	  0.960943	  0.898029	  0.466348	   0.80285	
   0.77527	  0.673776	  0.719328	   0.80285	  0.327215	


Part B):

Dividing into 50 divisions
Hamiltonian

Eigen-energies:
#	Calculated	Exact
0	9.8665	9.8696
1	39.429	39.478
2	88.574	88.826
3	157.12	157.91
4	244.8	246.74
5	351.28	355.31
6	476.16	483.61
7	618.97	631.65
8	779.17	799.44
9	956.14	986.96
10	1149.2	1194.2
11	1357.7	1421.2
12	1580.7	1668
13	1817.5	1934.4
14	2067.1	2220.7
15	2328.6	2526.6
